6 7 1 4 5
5 7 6 1 6
2 4 6 3 3
5 5 6 1 4
1 7 2 4 7
Xét điểm (0, 0): 
0 0 0
0 6 7
0 5 7

Xét điểm (0, 1): 
0 0 0
6 7 1
5 7 6

Xét điểm (0, 2): 
0 0 0
7 1 4
7 6 1

Xét điểm (0, 3): 
0 0 0
1 4 5
6 1 6

Xét điểm (0, 4): 
0 0 0
4 5 0
1 6 0

Xét điểm (1, 0): 
0 6 7
0 5 7
0 2 4

Xét điểm (1, 1): 
6 7 1
5 7 6
2 4 6

Xét điểm (1, 2): 
7 1 4
7 6 1
4 6 3

Xét điểm (1, 3): 
1 4 5
6 1 6
6 3 3

Xét điểm (1, 4): 
4 5 0
1 6 0
3 3 0

Xét điểm (2, 0): 
0 5 7
0 2 4
0 5 5

Xét điểm (2, 1): 
5 7 6
2 4 6
5 5 6

Xét điểm (2, 2): 
7 6 1
4 6 3
5 6 1

Xét điểm (2, 3): 
6 1 6
6 3 3
6 1 4

Xét điểm (2, 4): 
1 6 0
3 3 0
1 4 0

Xét điểm (3, 0): 
0 2 4
0 5 5
0 1 7

Xét điểm (3, 1): 
2 4 6
5 5 6
1 7 2

Xét điểm (3, 2): 
4 6 3
5 6 1
7 2 4

Xét điểm (3, 3): 
6 3 3
6 1 4
2 4 7

Xét điểm (3, 4): 
3 3 0
1 4 0
4 7 0

Xét điểm (4, 0): 
0 5 5
0 1 7
0 0 0

Xét điểm (4, 1): 
5 5 6
1 7 2
0 0 0

Xét điểm (4, 2): 
5 6 1
7 2 4
0 0 0

Xét điểm (4, 3): 
6 1 4
2 4 7
0 0 0

Xét điểm (4, 4): 
1 4 0
4 7 0
0 0 0

